1200 0
1200 0
1200 0
1200 0
1200 0
1200 0
1200 0
1200 0
1200 0
1200 0
1200 0
1200 0
1200 0
1200 0
1200 0
1200 2
1200 11
1200 28
1200 51
1200 77
1200 107
1200 140
1200 175
1200 211
1200 247 
1200 284 
1200 322 
1200 359 
1200 397 
1200 435 
1200 473 
1200 511 
1200 549 
1200 587 
1200 625 
1200 664 
1200 702 
1200 740 
1200 778 
1200 816 
1200 854 
1200 893 
1200 931 
1200 969 
1200 1007
1200 1047 
1200 1085 
1200 1123 
1200 1158 
1200 1191 
1200 1224 
1200 1254 
1200 1282 
1200 1304 
1200 1321 
1200 1333 
1200 1337 
1200 1337 
1200 1330 
1200 1322 
1200 1311 
1200 1301 
1200 1287 
1200 1275 
1200 1261 
1200 1247 
1200 1236 
1200 1223 
1200 1212 
1200 1201 
1200 1190 
1200 1181 
1200 1172 
1200 1164 
1200 1158 
1200 1151 
1200 1147 
1200 1144 
1200 1142 
1200 1141 
1200 1142 
1200 1143 
1200 1145 
1200 1147 
1200 1151 
1200 1154 
1200 1158 
1200 1162 
1200 1167 
1200 1171 
1200 1175 
1200 1179 
1200 1182 
1200 1186 
1200 1188 
1200 1191 
1200 1193 
1200 1195 
1200 1196 
1200 1197 
1200 1197 
1200 1198 
1200 1198 
1200 1198